(title "Circumferential Averages")
(labels "Radius" "Radial Velocity")

((xy/key/label "rake-9")
0.022593	-10.2385
0.022593	-10.2385
0.0236114	-9.5675
0.0236114	-9.5675
0.0246297	-9.359
0.0246297	-9.359
0.025648	-8.89841
0.025648	-8.89841
0.0266663	-8.64844
0.0266663	-8.64844
0.0276846	-8.30021
0.0276846	-8.30021
0.028703	-8.05284
0.028703	-8.05284
0.0297213	-7.77083
0.0297213	-7.77083
0.0307396	-7.54091
0.0307396	-7.54091
0.0317579	-7.30256
0.0317579	-7.30256
0.0327763	-7.09379
0.0327763	-7.09379
0.0337946	-6.88694
0.0337946	-6.88694
0.0348129	-6.6988
0.0348129	-6.6988
0.0358312	-6.51639
0.0358312	-6.51639
0.0368496	-6.34688
0.0368496	-6.34688
0.0378679	-6.18403
0.0378679	-6.18403
0.0388862	-6.03095
0.0388862	-6.03095
0.0399045	-5.88447
0.0399045	-5.88447
0.0409228	-5.74569
0.0409228	-5.74569
0.0419412	-5.61308
0.0419412	-5.61308
0.0429595	-5.48684
0.0429595	-5.48684
0.0439778	-5.36612
0.0439778	-5.36612
0.0449961	-5.25084
0.0449961	-5.25084
0.0460145	-5.14045
0.0460145	-5.14045
0.0470328	-5.03479
0.0470328	-5.03479
0.0480511	-4.93347
0.0480511	-4.93347
0.0490694	-4.83629
0.0490694	-4.83629
0.0500877	-4.74292
0.0500877	-4.74292
0.0511061	-4.65324
0.0511061	-4.65324
0.0521244	-4.56694
0.0521244	-4.56694
0.0531427	-4.48396
0.0531427	-4.48396
0.054161	-4.40403
0.054161	-4.40403
0.0551794	-4.32706
0.0551794	-4.32706
0.0561977	-4.25275
0.0561977	-4.25275
0.057216	-4.18126
0.057216	-4.18126
0.0582343	-4.112
0.0582343	-4.112
0.0592526	-4.04569
0.0592526	-4.04569
0.060271	-3.98068
0.060271	-3.98068
0.0612893	-3.91971
0.0612893	-3.91971
0.0623076	-3.85764
0.0623076	-3.85764
0.0633259	-3.80346
0.0633259	-3.80346
0.0643443	-3.74122
0.0643443	-3.74122
0.0653626	-3.699
0.0653626	-3.699
0.0663809	-3.62755
0.0663809	-3.62755
0.0673992	-3.61443
0.0673992	-3.61443
0.0684175	-3.51168
0.0684175	-3.51168
0.0694359	-3.58859
0.0694359	-3.58859
0.0704542	-3.37921
0.0704542	-3.37921
0.0714725	-3.58786
0.0714725	-3.58786
0.0724908	-2.57324
0.0724908	-2.57324
)
