(title "Velocity Magnitude")
(labels "Position" "Velocity Magnitude")

((xy/key/label "rake-0")
0.0231	4.83824
0.0231	11.8425
0.0231	13.5516
0.0231	14.5357
0.0231	15.0588
0.0231	15.2278
0.0231	15.0588
0.0231	14.5358
0.0231	13.5516
0.0231	11.8425
0.0231	4.83824
)

((xy/key/label "rake-1")
0.0286444	5.99922
0.0286444	11.2343
0.0286444	12.664
0.0286444	13.5029
0.0286444	13.9528
0.0286444	14.0983
0.0286444	13.9528
0.0286444	13.503
0.0286444	12.664
0.0286444	11.2343
0.0286444	5.99922
)

((xy/key/label "rake-2")
0.0341889	7.16043
0.0341889	11.2804
0.0341889	12.5009
0.0341889	13.2289
0.0341889	13.6235
0.0341889	13.7516
0.0341889	13.6236
0.0341889	13.229
0.0341889	12.501
0.0341889	11.2805
0.0341889	7.16043
)

((xy/key/label "rake-3")
0.0397333	8.32164
0.0397333	11.6966
0.0397333	12.7559
0.0397333	13.3961
0.0397333	13.7459
0.0397333	13.8598
0.0397333	13.7459
0.0397333	13.3961
0.0397333	12.756
0.0397333	11.6966
0.0397333	8.32164
)

((xy/key/label "rake-4")
0.0452778	9.48284
0.0452778	12.3301
0.0452778	13.2637
0.0452778	13.8337
0.0452778	14.1469
0.0452778	14.249
0.0452778	14.1469
0.0452778	13.8337
0.0452778	13.2638
0.0452778	12.3301
0.0452778	9.48284
)

((xy/key/label "rake-5")
0.0508222	10.644
0.0508222	13.0974
0.0508222	13.9305
0.0508222	14.4432
0.0508222	14.7262
0.0508222	14.8186
0.0508222	14.7262
0.0508222	14.4432
0.0508222	13.9305
0.0508222	13.0974
0.0508222	10.644
)

((xy/key/label "rake-6")
0.0563667	11.8052
0.0563667	13.9444
0.0563667	14.6934
0.0563667	15.1573
0.0563667	15.4144
0.0563667	15.4985
0.0563667	15.4144
0.0563667	15.1573
0.0563667	14.6934
0.0563667	13.9444
0.0563667	11.8052
)

((xy/key/label "rake-7")
0.0619111	12.9664
0.0619111	14.8311
0.0619111	15.5035
0.0619111	15.9226
0.0619111	16.1558
0.0619111	16.2321
0.0619111	16.1558
0.0619111	15.9226
0.0619111	15.5035
0.0619111	14.8311
0.0619111	12.9664
)

((xy/key/label "rake-8")
0.0674556	14.1276
0.0674556	15.6994
0.0674556	16.2858
0.0674556	16.6543
0.0674556	16.8611
0.0674556	16.9292
0.0674556	16.8611
0.0674556	16.6543
0.0674556	16.2858
0.0674556	15.6994
0.0674556	14.1276
)

((xy/key/label "rake-9")
0.0725	15.1299
0.0725	16.6378
0.0725	16.8545
0.0725	16.9884
0.0725	17.0627
0.0725	17.0872
0.0725	17.0627
0.0725	16.9884
0.0725	16.8545
0.0725	16.6378
0.0725	15.1299
)
