(title "Velocity Magnitude")
(labels "Position" "Velocity Magnitude")

((xy/key/label "rake-0")
-0.0016	4.94641
-0.00159607	6.86378
-0.00159215	8.1268
-0.00158796	9.10622
-0.00158322	9.92397
-0.0015778	10.6457
-0.00157153	11.3061
-0.00156432	11.9151
-0.0015561	12.4755
-0.00154664	12.9861
-0.00153602	13.426
-0.00152405	13.7728
-0.00151031	13.9918
-0.00149462	14.0265
-0.0014783	13.8283
-0.00146429	13.4441
-0.00145235	12.9431
-0.00144191	12.355
-0.00143284	11.6948
-0.0014251	10.9692
-0.00141844	10.1634
-0.00141284	9.25777
-0.00140805	8.183
-0.00140391	6.86187
-0.0014	4.94641
)

((xy/key/label "rake-1")
-0.0016	5.98762
-0.00159607	7.35602
-0.00159215	8.28746
-0.00158796	9.04181
-0.00158322	9.69306
-0.0015778	10.2757
-0.00157153	10.8163
-0.00156432	11.319
-0.0015561	11.7841
-0.00154664	12.2129
-0.00153602	12.5842
-0.00152405	12.8796
-0.00151031	13.0695
-0.00149462	13.1003
-0.0014783	12.9231
-0.00146429	12.593
-0.00145235	12.1713
-0.00144191	11.6793
-0.00143284	11.1307
-0.0014251	10.5351
-0.00141844	9.87862
-0.00141284	9.15579
-0.00140805	8.31981
-0.00140391	7.34576
-0.0014	5.98762
)

((xy/key/label "rake-2")
-0.0016	7.13722
-0.00159607	8.16723
-0.00159215	8.88276
-0.00158796	9.4786
-0.00158322	10.004
-0.0015778	10.4804
-0.00157153	10.9269
-0.00156432	11.3452
-0.0015561	11.7348
-0.00154664	12.0956
-0.00153602	12.4091
-0.00152405	12.6591
-0.00151031	12.8201
-0.00149462	12.8463
-0.0014783	12.6961
-0.00146429	12.4166
-0.00145235	12.0606
-0.00144191	11.6467
-0.00143284	11.1881
-0.0014251	10.6941
-0.00141844	10.1553
-0.00141284	9.57029
-0.00140805	8.9086
-0.00140391	8.15979
-0.0014	7.13722
)

((xy/key/label "rake-3")
-0.0016	8.28682
-0.00159607	9.11792
-0.00159215	9.70069
-0.00158796	10.1934
-0.00158322	10.6337
-0.0015778	11.0363
-0.00157153	11.4161
-0.00156432	11.7738
-0.0015561	12.1083
-0.00154664	12.4192
-0.00153602	12.69
-0.00152405	12.9064
-0.00151031	13.0459
-0.00149462	13.0687
-0.0014783	12.9387
-0.00146429	12.6968
-0.00145235	12.3891
-0.00144191	12.0326
-0.00143284	11.6394
-0.0014251	11.218
-0.00141844	10.7615
-0.00141284	10.2703
-0.00140805	9.72233
-0.00140391	9.11213
-0.0014	8.28682
)

((xy/key/label "rake-4")
-0.0016	9.43642
-0.00159607	10.134
-0.00159215	10.6265
-0.00158796	11.047
-0.00158322	11.426
-0.0015778	11.7747
-0.00157153	12.1049
-0.00156432	12.417
-0.0015561	12.7096
-0.00154664	12.9824
-0.00153602	13.2204
-0.00152405	13.4109
-0.00151031	13.534
-0.00149462	13.5542
-0.0014783	13.4395
-0.00146429	13.2265
-0.00145235	12.956
-0.00144191	12.6434
-0.00143284	12.2997
-0.0014251	11.9326
-0.00141844	11.5366
-0.00141284	11.1131
-0.00140805	10.6452
-0.00140391	10.1293
-0.0014	9.43642
)

((xy/key/label "rake-5")
-0.0016	10.5858
-0.00159607	11.1875
-0.00159215	11.6152
-0.00158796	11.9828
-0.00158322	12.3163
-0.0015778	12.6243
-0.00157153	12.9168
-0.00156432	13.1938
-0.0015561	13.454
-0.00154664	13.6969
-0.00153602	13.9092
-0.00152405	14.0794
-0.00151031	14.1895
-0.00149462	14.2076
-0.0014783	14.105
-0.00146429	13.9146
-0.00145235	13.6734
-0.00144191	13.3951
-0.00143284	13.0896
-0.0014251	12.7641
-0.00141844	12.414
-0.00141284	12.041
-0.00140805	11.6316
-0.00140391	11.1835
-0.0014	10.5858
)

((xy/key/label "rake-6")
-0.0016	11.7354
-0.00159607	12.2647
-0.00159215	12.644
-0.00158796	12.972
-0.00158322	13.2711
-0.0015778	13.5482
-0.00157153	13.8119
-0.00156432	14.0618
-0.0015561	14.2968
-0.00154664	14.5163
-0.00153602	14.7083
-0.00152405	14.8623
-0.00151031	14.962
-0.00149462	14.9784
-0.0014783	14.8854
-0.00146429	14.7132
-0.00145235	14.4951
-0.00144191	14.2436
-0.00143284	13.9678
-0.0014251	13.6742
-0.00141844	13.359
-0.00141284	13.0242
-0.00140805	12.6587
-0.00140391	12.2612
-0.0014	11.7354
)

((xy/key/label "rake-7")
-0.0016	12.885
-0.00159607	13.3547
-0.00159215	13.6944
-0.00158796	13.9897
-0.00158322	14.2604
-0.0015778	14.5118
-0.00157153	14.7513
-0.00156432	14.9785
-0.0015561	15.1922
-0.00154664	15.3918
-0.00153602	15.5665
-0.00152405	15.7066
-0.00151031	15.7974
-0.00149462	15.8123
-0.0014783	15.7277
-0.00146429	15.571
-0.00145235	15.3726
-0.00144191	15.1439
-0.00143284	14.8931
-0.0014251	14.6263
-0.00141844	14.3401
-0.00141284	14.037
-0.00140805	13.7077
-0.00140391	13.3517
-0.0014	12.885
)

((xy/key/label "rake-8")
-0.0016	14.0346
-0.00159607	14.4449
-0.00159215	14.7451
-0.00158796	15.0079
-0.00158322	15.2501
-0.0015778	15.4758
-0.00157153	15.6912
-0.00156432	15.896
-0.0015561	16.089
-0.00154664	16.2699
-0.00153602	16.4289
-0.00152405	16.5574
-0.00151031	16.6412
-0.00149462	16.6549
-0.0014783	16.5766
-0.00146429	16.4328
-0.00145235	16.2522
-0.00144191	16.0451
-0.00143284	15.8188
-0.0014251	15.5786
-0.00141844	15.3216
-0.00141284	15.0502
-0.00140805	14.757
-0.00140391	14.4422
-0.0014	14.0346
)

((xy/key/label "rake-9")
-0.0016	15.0239
-0.00159607	16.5426
-0.00159215	16.6039
-0.00158796	16.6582
-0.00158322	16.7089
-0.0015778	16.7565
-0.00157153	16.8021
-0.00156432	16.8454
-0.0015561	16.8861
-0.00154664	16.9243
-0.00153602	16.9581
-0.00152405	16.9857
-0.00151031	17.004
-0.00149462	17.007
-0.0014783	16.9899
-0.00146429	16.9589
-0.00145235	16.9206
-0.00144191	16.8768
-0.00143284	16.829
-0.0014251	16.7782
-0.00141844	16.7239
-0.00141284	16.667
-0.00140805	16.6063
-0.00140391	16.542
-0.0014	15.0239
)
