(title "Circumferential Averages")
(labels "Radius" "Radial Velocity")

((xy/key/label "")
0.0221591	-6.17174
0.0226713	-6.16385
0.0231821	-6.0498
0.023693	-5.93724
0.0242044	-5.82614
0.0247151	-5.71819
0.0252253	-5.61432
0.0257363	-5.51374
0.0262474	-5.41663
0.0267578	-5.32287
0.0272688	-5.23246
0.0277798	-5.14491
0.0282901	-5.06091
0.0288016	-4.97906
0.0293119	-4.90006
0.0298224	-4.82374
0.0303334	-4.75003
0.0308442	-4.67859
0.0313553	-4.60903
0.0318654	-4.54127
0.032376	-4.47581
0.032884	-4.41422
0.0333983	-4.35158
0.0339107	-4.29139
0.0344195	-4.23229
0.0349315	-4.17764
0.0354397	-4.12407
0.0359534	-4.07121
0.0364644	-4.01978
0.036976	-3.97
0.037486	-3.92098
0.0379958	-3.87429
0.0385077	-3.82785
0.0390179	-3.7839
0.0395302	-3.74013
0.0400412	-3.69707
0.0405528	-3.6558
0.0410637	-3.61589
0.041575	-3.57658
0.0420853	-3.53779
0.0425959	-3.50063
0.0431074	-3.46379
0.0436182	-3.42878
0.0441297	-3.39346
0.0446396	-3.35974
0.0451511	-3.3264
0.0456621	-3.29407
0.0461741	-3.26191
0.0466833	-3.2306
0.0471951	-3.2005
0.0477064	-3.17051
0.0482176	-3.14133
0.0487282	-3.11277
0.0492399	-3.0847
0.0497502	-3.05754
0.0502609	-3.03018
0.050772	-3.00402
0.0512846	-2.97809
0.0517952	-2.95261
0.0523006	-2.92744
0.0528186	-2.90305
0.0533374	-2.87914
0.0538357	-2.85619
0.0543334	-2.83331
0.0548672	-2.80899
0.0553836	-2.78573
0.0558839	-2.76386
0.0563843	-2.74182
0.0568853	-2.72022
0.0574285	-2.69685
0.0579395	-2.67517
0.0584428	-2.65374
0.0589469	-2.6324
0.0594513	-2.61112
0.0599571	-2.5897
0.0604657	-2.56812
0.0610071	-2.54489
0.0615158	-2.52286
0.0620232	-2.5008
0.0625312	-2.47829
0.0630396	-2.45554
0.0635488	-2.43233
0.0640582	-2.40872
0.0645683	-2.38444
0.0650789	-2.35968
0.06559	-2.33426
0.066101	-2.30806
0.0666112	-2.28127
0.0671219	-2.25359
0.0676327	-2.22504
0.0681433	-2.19567
0.0686538	-2.1654
0.0691647	-2.13404
0.0696752	-2.10137
0.0701859	-2.06692
0.0706968	-2.02943
0.0712074	-1.98505
0.0717182	-1.93174
0.0722289	-1.89564
0.0727407	-1.84464
)
