(title "Circumferential Averages")
(labels "Radius" "Radial Velocity")

((xy/key/label "")
0.0221589	-6.31304
0.0226713	-6.287
0.0231821	-6.1646
0.023693	-6.04761
0.0242044	-5.93306
0.0247151	-5.82228
0.0252253	-5.71594
0.0257364	-5.613
0.0262474	-5.51397
0.0267575	-5.41833
0.0272691	-5.32593
0.0277801	-5.23666
0.0282905	-5.15088
0.028801	-5.06759
0.0293119	-4.98712
0.0298226	-4.90943
0.0303333	-4.83428
0.0308439	-4.76154
0.0313553	-4.69068
0.0318656	-4.62165
0.032376	-4.55492
0.0328833	-4.49205
0.0333991	-4.42781
0.0339097	-4.36726
0.0344197	-4.30742
0.0349309	-4.25116
0.0354403	-4.19624
0.0359543	-4.14256
0.0364643	-4.09018
0.0369759	-4.0391
0.0374859	-3.98953
0.0379957	-3.94168
0.0385086	-3.89459
0.0390193	-3.84925
0.0395298	-3.80474
0.0400417	-3.7611
0.0405517	-3.71911
0.0410632	-3.67818
0.0415741	-3.63815
0.042085	-3.59896
0.0425962	-3.56043
0.0431077	-3.52349
0.0436172	-3.4872
0.0441298	-3.45145
0.0446398	-3.41675
0.0451507	-3.38282
0.0456622	-3.34945
0.0461734	-3.31712
0.0466842	-3.28513
0.0471951	-3.25401
0.0477064	-3.22351
0.0482173	-3.19394
0.0487296	-3.16455
0.0492396	-3.13601
0.0497488	-3.10815
0.0502617	-3.08073
0.050773	-3.05386
0.0512851	-3.02707
0.0517946	-3.001
0.0522983	-2.97541
0.0528192	-2.95094
0.0533378	-2.92662
0.0538363	-2.90299
0.0543333	-2.87959
0.0548668	-2.85488
0.055384	-2.83123
0.0558839	-2.80887
0.0563838	-2.78654
0.0568854	-2.76441
0.0574285	-2.74062
0.0579395	-2.71846
0.0584432	-2.69659
0.0589469	-2.67489
0.0594513	-2.65311
0.0599569	-2.63126
0.0604652	-2.60923
0.0610074	-2.58545
0.0615162	-2.56304
0.0620233	-2.5405
0.0625311	-2.5175
0.0630397	-2.49423
0.0635486	-2.47055
0.0640583	-2.44639
0.0645682	-2.42164
0.065079	-2.39635
0.0655899	-2.37038
0.0661009	-2.34374
0.0666112	-2.31644
0.0671218	-2.28842
0.0676327	-2.25961
0.0681433	-2.2302
0.0686539	-2.20021
0.0691646	-2.16964
0.0696752	-2.13856
0.0701859	-2.10687
0.0706967	-2.07387
0.0712074	-2.03644
0.0717182	-1.99224
0.0722289	-1.95678
0.0727407	-1.89126
)
