(title "Tangential Velocity")
(labels "Position" "Tangential Velocity")

((xy/key/label "rake-0"	0.0231)
0.0016	4.83824
0.00158	9.34798
0.00156	10.4207
0.00154	11.073
0.00152	11.4323
0.0015	11.5505
0.00148	11.4323
0.00146	11.0729
0.00144	10.4206
0.00142	9.34788
0.0014	4.83824
)

((xy/key/label "rake-1" 0.025844444)
0.0016	5.4128
0.00158	9.44653
0.00156	10.4431
0.00154	11.0486
0.00152	11.3817
0.0015	11.4908
0.00148	11.3817
0.00146	11.0487
0.00144	10.4431
0.00142	9.44649
0.0014	5.4128
)

((xy/key/label "rake-2" 0.028588889)
0.0016	5.98758
0.00158	9.63856
0.00156	10.573
0.00154	11.1407
0.00152	11.4531
0.0015	11.5555
0.00148	11.4531
0.00146	11.1407
0.00144	10.573
0.00142	9.63855
0.0014	5.98758
)

((xy/key/label "rake-3" 0.031333333)
0.0016	6.56237
0.00158	9.89784
0.00156	10.7793
0.00154	11.3151
0.00152	11.6103
0.0015	11.7071
0.00148	11.6103
0.00146	11.3151
0.00144	10.7793
0.00142	9.89783
0.0014	6.56237
)

((xy/key/label "rake-4" 0.034077778)
0.0016	7.13716
0.00158	10.2103
0.00156	11.0464
0.00154	11.5551
0.00152	11.8358
0.0015	11.9278
0.00148	11.8358
0.00146	11.5551
0.00144	11.0464
0.00142	10.2103
0.0014	7.13716
)

((xy/key/label "rake-5" 0.036822222)
0.0016	7.71195
0.00158	10.5621
0.00156	11.3588
0.00154	11.8439
0.00152	12.1119
0.0015	12.1998
0.00148	12.1119
0.00146	11.844
0.00144	11.3588
0.00142	10.5622
0.0014	7.71195
)

((xy/key/label "rake-6" 0.039566667)
0.0016	8.28673
0.00158	10.9446
0.00156	11.7061
0.00154	12.1705
0.00152	12.4273
0.0015	12.5114
0.00148	12.4273
0.00146	12.1705
0.00144	11.7061
0.00142	10.9446
0.0014	8.28673
)

((xy/key/label "rake-7" 0.042311111)
0.0016	8.86152
0.00158	11.3514
0.00156	12.0816
0.00154	12.5275
0.00152	12.7742
0.0015	12.855
0.00148	12.7742
0.00146	12.5275
0.00144	12.0816
0.00142	11.3514
0.0014	8.86152
)

((xy/key/label "rake-8" 0.045055556)
0.0016	9.4363
0.00158	11.7779
0.00156	12.4798
0.00154	12.9089
0.00152	13.1464
0.0015	13.2243
0.00148	13.1464
0.00146	12.9089
0.00144	12.4798
0.00142	11.7779
0.0014	9.4363
)

((xy/key/label "rake-9" 0.0478)
0.0016	10.0111
0.00158	12.2194
0.00156	12.895
0.00154	13.3086
0.00152	13.5378
0.0015	13.6129
0.00148	13.5378
0.00146	13.3086
0.00144	12.895
0.00142	12.2194
0.0014	10.0111
)

((xy/key/label "rake-10" 0.050544444)
0.0016	10.5859
0.00158	12.673
0.00156	13.3239
0.00154	13.7231
0.00152	13.9444
0.0015	14.0169
0.00148	13.9444
0.00146	13.7231
0.00144	13.3239
0.00142	12.673
0.0014	10.5859
)

((xy/key/label "rake-11" 0.053288889)
0.0016	11.1607
0.00158	13.1356
0.00156	13.763
0.00154	14.1484
0.00152	14.3622
0.0015	14.4322
0.00148	14.3622
0.00146	14.1484
0.00144	13.763
0.00142	13.1356
0.0014	11.1607
)

((xy/key/label "rake-12" 0.056033333)
0.0016	11.7354
0.00158	13.6039
0.00156	14.2082
0.00154	14.5799
0.00152	14.7862
0.0015	14.8538
0.00148	14.7862
0.00146	14.5799
0.00144	14.2082
0.00142	13.604
0.0014	11.7354
)

((xy/key/label "rake-13" 0.058777778)
0.0016	12.3102
0.00158	14.0756
0.00156	14.6564
0.00154	15.0142
0.00152	15.2131
0.0015	15.2782
0.00148	15.2131
0.00146	15.0142
0.00144	14.6564
0.00142	14.0757
0.0014	12.3102
)

((xy/key/label "rake-14" 0.061522222)
0.0016	12.885
0.00158	14.5476
0.00156	15.1037
0.00154	15.447
0.00152	15.6379
0.0015	15.7005
0.00148	15.6379
0.00146	15.447
0.00144	15.1037
0.00142	14.5476
0.0014	12.885
)

((xy/key/label "rake-15" 0.064266667)
0.0016	13.4598
0.00158	15.0134
0.00156	15.5418
0.00154	15.8684
0.00152	16.0503
0.0015	16.1098
0.00148	16.0503
0.00146	15.8684
0.00144	15.5418
0.00142	15.0134
0.0014	13.4598
)

((xy/key/label "rake-16" 0.067011111)
0.0016	14.0346
0.00158	15.4616
0.00156	15.9551
0.00154	16.2607
0.00152	16.4313
0.0015	16.4872
0.00148	16.4313
0.00146	16.2607
0.00144	15.9551
0.00142	15.4616
0.0014	14.0346
)

((xy/key/label "rake-17" 0.069755556)
0.0016	14.6094
0.00158	15.8535
0.00156	16.2993
0.00154	16.585
0.00152	16.7536
0.0015	16.8115
0.00148	16.7536
0.00146	16.585
0.00144	16.2993
0.00142	15.8535
0.0014	14.6094
)

((xy/key/label "rake-18" 0.0725)
0.0016	15.1299
0.00158	16.4602
0.00156	16.6406
0.00154	16.7519
0.00152	16.8139
0.0015	16.8344
0.00148	16.8139
0.00146	16.7519
0.00144	16.6406
0.00142	16.4602
0.0014	15.1299
)
