(title "Tangential Velocity")
(labels "Position" "Tangential Velocity")

((xy/key/label "rake-0" 0.0231)
-0.0016	4.94641
-0.00159607	6.05961
-0.00159215	6.63086
-0.00158796	7.04959
-0.00158322	7.39628
-0.0015778	7.70448
-0.00157153	7.99079
-0.00156432	8.25999
-0.0015561	8.51332
-0.00154664	8.74974
-0.00153602	8.95851
-0.00152405	9.127
-0.00151031	9.23535
-0.00149462	9.25216
-0.0014783	9.15328
-0.00146429	8.96605
-0.00145235	8.72857
-0.00144191	8.45751
-0.00143284	8.16129
-0.0014251	7.84357
-0.00141844	7.49762
-0.00141284	7.11323
-0.00140805	6.65426
-0.00140391	6.0578
-0.0014	4.94641
)

((xy/key/label "rake-1" 0.025844444)
-0.0016	5.4128
-0.00159607	6.44694
-0.00159215	6.99093
-0.00158796	7.394
-0.00158322	7.73078
-0.0015778	8.02921
-0.00157153	8.30652
-0.00156432	8.56633
-0.0015561	8.8095
-0.00154664	9.03668
-0.00153602	9.236
-0.00152405	9.39637
-0.00151031	9.50031
-0.00149462	9.51737
-0.0014783	9.42051
-0.00146429	9.2412
-0.00145235	9.015
-0.00144191	8.75487
-0.00143284	8.46912
-0.0014251	8.16236
-0.00141844	7.82602
-0.00141284	7.45316
-0.00140805	7.00797
-0.00140391	6.43992
-0.0014	5.4128
)

((xy/key/label "rake-2" 0.028588889)
-0.0016	5.98759
-0.00159607	6.92373
-0.00159215	7.43174
-0.00158796	7.8128
-0.00158322	8.13304
-0.0015778	8.41736
-0.00157153	8.68171
-0.00156432	8.9293
-0.0015561	9.16087
-0.00154664	9.377
-0.00153602	9.56643
-0.00152405	9.71875
-0.00151031	9.81742
-0.00149462	9.83363
-0.0014783	9.74166
-0.00146429	9.57137
-0.00145235	9.35634
-0.00144191	9.10877
-0.00143284	8.83654
-0.0014251	8.54415
-0.00141844	8.22367
-0.00141284	7.86898
-0.00140805	7.44792
-0.00140391	6.91736
-0.0014	5.98759
)

((xy/key/label "rake-3" 0.031333333)
-0.0016	6.56238
-0.00159607	7.41869
-0.00159215	7.89682
-0.00158796	8.25942
-0.00158322	8.5658
-0.0015778	8.8383
-0.00157153	9.0918
-0.00156432	9.32925
-0.0015561	9.55124
-0.00154664	9.7583
-0.00153602	9.93963
-0.00152405	10.0853
-0.00151031	10.1797
-0.00149462	10.1952
-0.0014783	10.1073
-0.00146429	9.94434
-0.00145235	9.73845
-0.00144191	9.5012
-0.00143284	9.24019
-0.0014251	8.95981
-0.00141844	8.6526
-0.00141284	8.31314
-0.00140805	7.91229
-0.00140391	7.41285
-0.0014	6.56238
)

((xy/key/label "rake-4" 0.034077778)
-0.0016	7.13717
-0.00159607	7.92612
-0.00159215	8.37819
-0.00158796	8.72464
-0.00158322	9.01889
-0.0015778	9.2811
-0.00157153	9.52516
-0.00156432	9.75377
-0.0015561	9.96743
-0.00154664	10.1666
-0.00153602	10.3409
-0.00152405	10.4809
-0.00151031	10.5716
-0.00149462	10.5865
-0.0014783	10.502
-0.00146429	10.3455
-0.00145235	10.1475
-0.00144191	9.91921
-0.00143284	9.66796
-0.0014251	9.39802
-0.00141844	9.10236
-0.00141284	8.77619
-0.00140805	8.39303
-0.00140391	7.92073
-0.0014	7.13717
)

((xy/key/label "rake-5" 0.036822222)
-0.0016	7.71196
-0.00159607	8.4441
-0.00159215	8.87314
-0.00158796	9.20524
-0.00158322	9.48881
-0.0015778	9.74204
-0.00157153	9.97796
-0.00156432	10.199
-0.0015561	10.4056
-0.00154664	10.5981
-0.00153602	10.7666
-0.00152405	10.9018
-0.00151031	10.9893
-0.00149462	11.0037
-0.0014783	10.9221
-0.00146429	10.7709
-0.00145235	10.5796
-0.00144191	10.3589
-0.00143284	10.116
-0.0014251	9.85507
-0.00141844	9.56944
-0.00141284	9.25496
-0.00140805	8.88748
-0.00140391	8.43914
-0.0014	7.71196
)

((xy/key/label "rake-6" 0.039566667)
-0.0016	8.28675
-0.00159607	8.97007
-0.00159215	9.37893
-0.00158796	9.69836
-0.00158322	9.97244
-0.0015778	10.2177
-0.00157153	10.4463
-0.00156432	10.6606
-0.0015561	10.8608
-0.00154664	11.0474
-0.00153602	11.2106
-0.00152405	11.3415
-0.00151031	11.4262
-0.00149462	11.4402
-0.0014783	11.3612
-0.00146429	11.2148
-0.00145235	11.0294
-0.00144191	10.8156
-0.00143284	10.5801
-0.0014251	10.3272
-0.00141844	10.0505
-0.00141284	9.7464
-0.00140805	9.39278
-0.00140391	8.96545
-0.0014	8.28675
)

((xy/key/label "rake-7" 0.042311111)
-0.0016	8.86154
-0.00159607	9.5016
-0.00159215	9.89212
-0.00158796	10.1999
-0.00158322	10.4653
-0.0015778	10.7033
-0.00157153	10.9253
-0.00156432	11.1334
-0.0015561	11.3279
-0.00154664	11.5091
-0.00153602	11.6675
-0.00152405	11.7945
-0.00151031	11.8768
-0.00149462	11.8903
-0.0014783	11.8137
-0.00146429	11.6715
-0.00145235	11.4916
-0.00144191	11.2839
-0.00143284	11.0553
-0.0014251	10.8096
-0.00141844	10.5411
-0.00141284	10.2465
-0.00140805	9.90554
-0.00140391	9.49729
-0.0014	8.86154
)

((xy/key/label "rake-8" 0.045055556)
-0.0016	9.43633
-0.00159607	10.0388
-0.00159215	10.4127
-0.00158796	10.71
-0.00158322	10.9674
-0.0015778	11.1988
-0.00157153	11.4148
-0.00156432	11.6174
-0.0015561	11.8067
-0.00154664	11.9831
-0.00153602	12.1373
-0.00152405	12.2609
-0.00151031	12.341
-0.00149462	12.3542
-0.0014783	12.2796
-0.00146429	12.1413
-0.00145235	11.9661
-0.00144191	11.764
-0.00143284	11.5414
-0.0014251	11.3023
-0.00141844	11.0411
-0.00141284	10.7551
-0.00140805	10.4258
-0.00140391	10.0348
-0.0014	9.43633
)

((xy/key/label "rake-9" 0.0478)
-0.0016	10.0111
-0.00159607	10.58
-0.00159215	10.9387
-0.00158796	11.2261
-0.00158322	11.4763
-0.0015778	11.7015
-0.00157153	11.912
-0.00156432	12.1094
-0.0015561	12.2939
-0.00154664	12.4657
-0.00153602	12.6159
-0.00152405	12.7364
-0.00151031	12.8144
-0.00149462	12.8273
-0.0014783	12.7545
-0.00146429	12.6198
-0.00145235	12.4491
-0.00144191	12.2521
-0.00143284	12.0352
-0.0014251	11.8023
-0.00141844	11.5479
-0.00141284	11.27
-0.00140805	10.9513
-0.00140391	10.5762
-0.0014	10.0111
)

((xy/key/label "rake-10" 0.050544444)
-0.0016	10.5859
-0.00159607	11.124
-0.00159215	11.4686
-0.00158796	11.7468
-0.00158322	11.9899
-0.0015778	12.2092
-0.00157153	12.4144
-0.00156432	12.6068
-0.0015561	12.7867
-0.00154664	12.9542
-0.00153602	13.1006
-0.00152405	13.218
-0.00151031	13.294
-0.00149462	13.3066
-0.0014783	13.2357
-0.00146429	13.1044
-0.00145235	12.9381
-0.00144191	12.7461
-0.00143284	12.5346
-0.0014251	12.3075
-0.00141844	12.0597
-0.00141284	11.7894
-0.00140805	11.4809
-0.00140391	11.1205
-0.0014	10.5859
)

((xy/key/label "rake-11" 0.053288889)
-0.0016	11.1607
-0.00159607	11.671
-0.00159215	12.0022
-0.00158796	12.2715
-0.00158322	12.5078
-0.0015778	12.7215
-0.00157153	12.9216
-0.00156432	13.1093
-0.0015561	13.2848
-0.00154664	13.4482
-0.00153602	13.5909
-0.00152405	13.7054
-0.00151031	13.7796
-0.00149462	13.7918
-0.0014783	13.7227
-0.00146429	13.5946
-0.00145235	13.4325
-0.00144191	13.2452
-0.00143284	13.0388
-0.0014251	12.8173
-0.00141844	12.5758
-0.00141284	12.3129
-0.00140805	12.0142
-0.00140391	11.6677
-0.0014	11.1607
)

((xy/key/label "rake-12" 0.056033333)
-0.0016	11.7355
-0.00159607	12.22
-0.00159215	12.5385
-0.00158796	12.7991
-0.00158322	13.0289
-0.0015778	13.237
-0.00157153	13.4321
-0.00156432	13.6152
-0.0015561	13.7863
-0.00154664	13.9456
-0.00153602	14.0848
-0.00152405	14.1964
-0.00151031	14.2687
-0.00149462	14.2806
-0.0014783	14.2132
-0.00146429	14.0884
-0.00145235	13.9303
-0.00144191	13.7477
-0.00143284	13.5465
-0.0014251	13.3305
-0.00141844	13.0951
-0.00141284	12.8394
-0.00140805	12.55
-0.00140391	12.2168
-0.0014	11.7355
)

((xy/key/label "rake-13" 0.058777778)
-0.0016	12.3103
-0.00159607	12.7703
-0.00159215	13.0765
-0.00158796	13.3288
-0.00158322	13.552
-0.0015778	13.7546
-0.00157153	13.9446
-0.00156432	14.123
-0.0015561	14.2897
-0.00154664	14.4449
-0.00153602	14.5804
-0.00152405	14.689
-0.00151031	14.7594
-0.00149462	14.771
-0.0014783	14.7055
-0.00146429	14.584
-0.00145235	14.43
-0.00144191	14.2522
-0.00143284	14.0561
-0.0014251	13.8457
-0.00141844	13.6165
-0.00141284	13.3679
-0.00140805	13.0878
-0.00140391	12.7673
-0.0014	12.3103
)

((xy/key/label "rake-14" 0.061522222)
-0.0016	12.8851
-0.00159607	13.3223
-0.00159215	13.6166
-0.00158796	13.8604
-0.00158322	14.077
-0.0015778	14.274
-0.00157153	14.459
-0.00156432	14.6327
-0.0015561	14.7951
-0.00154664	14.9461
-0.00153602	15.078
-0.00152405	15.1837
-0.00151031	15.2522
-0.00149462	15.2635
-0.0014783	15.1997
-0.00146429	15.0815
-0.00145235	14.9317
-0.00144191	14.7585
-0.00143284	14.5676
-0.0014251	14.3627
-0.00141844	14.1397
-0.00141284	13.8984
-0.00140805	13.6275
-0.00140391	13.3195
-0.0014	12.8851
)

((xy/key/label "rake-15" 0.064266667)
-0.0016	13.4598
-0.00159607	13.8743
-0.00159215	14.1562
-0.00158796	14.391
-0.00158322	14.6005
-0.0015778	14.7915
-0.00157153	14.9709
-0.00156432	15.1395
-0.0015561	15.297
-0.00154664	15.4436
-0.00153602	15.5715
-0.00152405	15.6742
-0.00151031	15.7407
-0.00149462	15.7516
-0.0014783	15.6896
-0.00146429	15.5748
-0.00145235	15.4294
-0.00144191	15.2614
-0.00143284	15.0762
-0.0014251	14.8774
-0.00141844	14.6613
-0.00141284	14.4278
-0.00140805	14.1667
-0.00140391	13.8716
-0.0014	13.4598
)

((xy/key/label "rake-16" 0.067011111)
-0.0016	14.0346
-0.00159607	14.4212
-0.00159215	14.6873
-0.00158796	14.9105
-0.00158322	15.1104
-0.0015778	15.2929
-0.00157153	15.4646
-0.00156432	15.6261
-0.0015561	15.7772
-0.00154664	15.9182
-0.00153602	16.0418
-0.00152405	16.1414
-0.00151031	16.2064
-0.00149462	16.2171
-0.0014783	16.1565
-0.00146429	16.0449
-0.00145235	15.9046
-0.00144191	15.743
-0.00143284	15.5654
-0.0014251	15.3751
-0.00141844	15.1684
-0.00141284	14.9456
-0.00140805	14.6974
-0.00140391	14.4187
-0.0014	14.0346
)

((xy/key/label "rake-17" 0.069755556)
-0.0016	14.6094
-0.00159607	14.9529
-0.00159215	15.1911
-0.00158796	15.3927
-0.00158322	15.5747
-0.0015778	15.7418
-0.00157153	15.8995
-0.00156432	16.0481
-0.0015561	16.1876
-0.00154664	16.3181
-0.00153602	16.4334
-0.00152405	16.5275
-0.00151031	16.5897
-0.00149462	16.6
-0.0014783	16.5419
-0.00146429	16.4364
-0.00145235	16.3054
-0.00144191	16.1558
-0.00143284	15.9921
-0.0014251	15.8171
-0.00141844	15.6277
-0.00141284	15.4245
-0.00140805	15.2001
-0.00140391	14.9506
-0.0014	14.6094
)

((xy/key/label "rake-18" 0.0725)
-0.0016	15.0239
-0.00159607	16.3713
-0.00159215	16.4258
-0.00158796	16.4722
-0.00158322	16.5143
-0.0015778	16.5531
-0.00157153	16.5897
-0.00156432	16.6241
-0.0015561	16.6564
-0.00154664	16.6865
-0.00153602	16.7131
-0.00152405	16.7349
-0.00151031	16.7494
-0.00149462	16.7518
-0.0014783	16.7383
-0.00146429	16.7138
-0.00145235	16.6836
-0.00144191	16.649
-0.00143284	16.6111
-0.0014251	16.5705
-0.00141844	16.5266
-0.00141284	16.4795
-0.00140805	16.4279
-0.00140391	16.3707
-0.0014	15.0239
)
