(title "Tangential Velocity")
(labels "Position" "Tangential Velocity")

((xy/key/label "rake-0")
-0.0016	4.94641
-0.00159607	6.05961
-0.00159215	6.63086
-0.00158796	7.04959
-0.00158322	7.39628
-0.0015778	7.70448
-0.00157153	7.99079
-0.00156432	8.25999
-0.0015561	8.51332
-0.00154664	8.74974
-0.00153602	8.95851
-0.00152405	9.127
-0.00151031	9.23535
-0.00149462	9.25216
-0.0014783	9.15328
-0.00146429	8.96605
-0.00145235	8.72857
-0.00144191	8.45751
-0.00143284	8.16129
-0.0014251	7.84357
-0.00141844	7.49762
-0.00141284	7.11323
-0.00140805	6.65426
-0.00140391	6.0578
-0.0014	4.94641
)

((xy/key/label "rake-1")
-0.0016	5.98762
-0.00159607	6.92375
-0.00159215	7.43176
-0.00158796	7.81281
-0.00158322	8.13306
-0.0015778	8.41738
-0.00157153	8.68172
-0.00156432	8.92932
-0.0015561	9.16089
-0.00154664	9.37702
-0.00153602	9.56645
-0.00152405	9.71876
-0.00151031	9.81744
-0.00149462	9.83364
-0.0014783	9.74167
-0.00146429	9.57138
-0.00145235	9.35635
-0.00144191	9.10878
-0.00143284	8.83656
-0.0014251	8.54417
-0.00141844	8.22369
-0.00141284	7.869
-0.00140805	7.44794
-0.00140391	6.91738
-0.0014	5.98762
)

((xy/key/label "rake-2")
-0.0016	7.13722
-0.00159607	7.92616
-0.00159215	8.37823
-0.00158796	8.72468
-0.00158322	9.01893
-0.0015778	9.28113
-0.00157153	9.5252
-0.00156432	9.7538
-0.0015561	9.96747
-0.00154664	10.1667
-0.00153602	10.341
-0.00152405	10.481
-0.00151031	10.5716
-0.00149462	10.5865
-0.0014783	10.502
-0.00146429	10.3455
-0.00145235	10.1475
-0.00144191	9.91924
-0.00143284	9.66799
-0.0014251	9.39806
-0.00141844	9.10239
-0.00141284	8.77623
-0.00140805	8.39307
-0.00140391	7.92077
-0.0014	7.13722
)

((xy/key/label "rake-3")
-0.0016	8.28682
-0.00159607	8.97013
-0.00159215	9.37899
-0.00158796	9.69842
-0.00158322	9.9725
-0.0015778	10.2178
-0.00157153	10.4464
-0.00156432	10.6606
-0.0015561	10.8609
-0.00154664	11.0475
-0.00153602	11.2106
-0.00152405	11.3415
-0.00151031	11.4263
-0.00149462	11.4402
-0.0014783	11.3612
-0.00146429	11.2148
-0.00145235	11.0295
-0.00144191	10.8156
-0.00143284	10.5802
-0.0014251	10.3272
-0.00141844	10.0506
-0.00141284	9.74646
-0.00140805	9.39284
-0.00140391	8.96551
-0.0014	8.28682
)

((xy/key/label "rake-4")
-0.0016	9.43642
-0.00159607	10.0389
-0.00159215	10.4128
-0.00158796	10.71
-0.00158322	10.9675
-0.0015778	11.1989
-0.00157153	11.4149
-0.00156432	11.6175
-0.0015561	11.8068
-0.00154664	11.9832
-0.00153602	12.1373
-0.00152405	12.261
-0.00151031	12.3411
-0.00149462	12.3543
-0.0014783	12.2797
-0.00146429	12.1414
-0.00145235	11.9662
-0.00144191	11.764
-0.00143284	11.5414
-0.0014251	11.3024
-0.00141844	11.0412
-0.00141284	10.7552
-0.00140805	10.4259
-0.00140391	10.0349
-0.0014	9.43642
)

((xy/key/label "rake-5")
-0.0016	10.5858
-0.00159607	11.1239
-0.00159215	11.4685
-0.00158796	11.7467
-0.00158322	11.9898
-0.0015778	12.2091
-0.00157153	12.4143
-0.00156432	12.6068
-0.0015561	12.7866
-0.00154664	12.9541
-0.00153602	13.1005
-0.00152405	13.2179
-0.00151031	13.294
-0.00149462	13.3065
-0.0014783	13.2356
-0.00146429	13.1043
-0.00145235	12.938
-0.00144191	12.746
-0.00143284	12.5345
-0.0014251	12.3074
-0.00141844	12.0596
-0.00141284	11.7893
-0.00140805	11.4808
-0.00140391	11.1204
-0.0014	10.5858
)

((xy/key/label "rake-6")
-0.0016	11.7354
-0.00159607	12.2199
-0.00159215	12.5384
-0.00158796	12.7991
-0.00158322	13.0288
-0.0015778	13.237
-0.00157153	13.432
-0.00156432	13.6152
-0.0015561	13.7863
-0.00154664	13.9456
-0.00153602	14.0847
-0.00152405	14.1963
-0.00151031	14.2686
-0.00149462	14.2805
-0.0014783	14.2132
-0.00146429	14.0883
-0.00145235	13.9303
-0.00144191	13.7476
-0.00143284	13.5464
-0.0014251	13.3304
-0.00141844	13.0951
-0.00141284	12.8393
-0.00140805	12.55
-0.00140391	12.2167
-0.0014	11.7354
)

((xy/key/label "rake-7")
-0.0016	12.885
-0.00159607	13.3223
-0.00159215	13.6165
-0.00158796	13.8603
-0.00158322	14.0769
-0.0015778	14.274
-0.00157153	14.459
-0.00156432	14.6327
-0.0015561	14.795
-0.00154664	14.9461
-0.00153602	15.078
-0.00152405	15.1837
-0.00151031	15.2522
-0.00149462	15.2635
-0.0014783	15.1996
-0.00146429	15.0814
-0.00145235	14.9316
-0.00144191	14.7584
-0.00143284	14.5675
-0.0014251	14.3626
-0.00141844	14.1397
-0.00141284	13.8983
-0.00140805	13.6275
-0.00140391	13.3194
-0.0014	12.885
)

((xy/key/label "rake-8")
-0.0016	14.0346
-0.00159607	14.4212
-0.00159215	14.6873
-0.00158796	14.9105
-0.00158322	15.1104
-0.0015778	15.2929
-0.00157153	15.4646
-0.00156432	15.6261
-0.0015561	15.7772
-0.00154664	15.9182
-0.00153602	16.0418
-0.00152405	16.1414
-0.00151031	16.2064
-0.00149462	16.2171
-0.0014783	16.1565
-0.00146429	16.0449
-0.00145235	15.9045
-0.00144191	15.743
-0.00143284	15.5654
-0.0014251	15.3751
-0.00141844	15.1684
-0.00141284	14.9455
-0.00140805	14.6974
-0.00140391	14.4187
-0.0014	14.0346
)

((xy/key/label "rake-9")
-0.0016	15.0239
-0.00159607	16.3713
-0.00159215	16.4258
-0.00158796	16.4722
-0.00158322	16.5143
-0.0015778	16.5531
-0.00157153	16.5897
-0.00156432	16.6241
-0.0015561	16.6564
-0.00154664	16.6865
-0.00153602	16.7131
-0.00152405	16.7349
-0.00151031	16.7494
-0.00149462	16.7518
-0.0014783	16.7383
-0.00146429	16.7138
-0.00145235	16.6836
-0.00144191	16.649
-0.00143284	16.6111
-0.0014251	16.5705
-0.00141844	16.5266
-0.00141284	16.4795
-0.00140805	16.4279
-0.00140391	16.3707
-0.0014	15.0239
)
