(title "Circumferential Averages")
(labels "Radius" "Tangential Velocity")

((xy/key/label "")
0.0221589	0.0226015
0.0226713	0.0273891
0.0231821	0.0283101
0.023693	0.0292185
0.0242044	0.0298544
0.0247151	0.0305187
0.0252253	0.0314063
0.0257364	0.0321946
0.0262474	0.0329444
0.0267575	0.0338565
0.0272691	0.0346821
0.0277801	0.0354217
0.0282905	0.0364865
0.028801	0.0377259
0.0293119	0.0389345
0.0298226	0.0400445
0.0303333	0.0411866
0.0308439	0.0424954
0.0313553	0.0440451
0.0318656	0.0456327
0.032376	0.0473294
0.0328833	0.048981
0.0333991	0.050549
0.0339097	0.0528186
0.0344197	0.0548047
0.0349309	0.0565698
0.0354403	0.0592114
0.0359543	0.0615204
0.0364643	0.0637866
0.0369759	0.0663995
0.0374859	0.0691981
0.0379957	0.0721637
0.0385086	0.0754381
0.0390193	0.0789138
0.0395298	0.0820701
0.0400417	0.0852329
0.0405517	0.0889936
0.0410632	0.0929186
0.0415741	0.0973165
0.042085	0.101837
0.0425962	0.106521
0.0431077	0.111489
0.0436172	0.116844
0.0441298	0.122413
0.0446398	0.128278
0.0451507	0.134506
0.0456622	0.141331
0.0461734	0.14837
0.0466842	0.155769
0.0471951	0.163843
0.0477064	0.172425
0.0482173	0.181215
0.0487296	0.190679
0.0492396	0.200852
0.0497488	0.211811
0.0502617	0.223576
0.050773	0.235984
0.0512851	0.249062
0.0517946	0.263133
0.0522983	0.277824
0.0528192	0.294087
0.0533378	0.311487
0.0538363	0.329185
0.0543333	0.347919
0.0548668	0.369462
0.055384	0.391839
0.0558839	0.414951
0.0563838	0.439571
0.0568854	0.465948
0.0574285	0.496671
0.0579395	0.527672
0.0584432	0.560227
0.0589469	0.595181
0.0594513	0.632612
0.0599569	0.672782
0.0604652	0.716106
0.0610074	0.765863
0.0615162	0.816251
0.0620233	0.870343
0.0625311	0.928607
0.0630397	0.991485
0.0635486	1.05938
0.0640583	1.13287
0.0645682	1.21242
0.065079	1.29882
0.0655899	1.39259
0.0661009	1.49464
0.0666112	1.60589
0.0671218	1.72758
0.0676327	1.86086
0.0681433	2.00705
0.0686539	2.16791
0.0691646	2.34552
0.0696752	2.54203
0.0701859	2.75996
0.0706967	3.00212
0.0712074	3.27114
0.0717182	3.56806
0.0722289	3.88571
0.0727407	4.19617
)
