(title "Tangential Velocity")
(labels "Position" "Tangential Velocity")

((xy/key/label "rake-0")
0.0231	4.83824
0.0231	9.34798
0.0231	10.4207
0.0231	11.073
0.0231	11.4323
0.0231	11.5505
0.0231	11.4323
0.0231	11.0729
0.0231	10.4206
0.0231	9.34788
0.0231	4.83824
)

((xy/key/label "rake-1")
0.0286444	5.99922
0.0286444	9.64326
0.0286444	10.5765
0.0286444	11.1436
0.0286444	11.4556
0.0286444	11.5578
0.0286444	11.4556
0.0286444	11.1436
0.0286444	10.5765
0.0286444	9.64325
0.0286444	5.99922
)

((xy/key/label "rake-2")
0.0341889	7.16043
0.0341889	10.2237
0.0341889	11.058
0.0341889	11.5656
0.0341889	11.8458
0.0341889	11.9376
0.0341889	11.8458
0.0341889	11.5657
0.0341889	11.058
0.0341889	10.2237
0.0341889	7.16043
)

((xy/key/label "rake-3")
0.0397333	8.32164
0.0397333	10.9688
0.0397333	11.7284
0.0397333	12.1916
0.0397333	12.4477
0.0397333	12.5316
0.0397333	12.4477
0.0397333	12.1916
0.0397333	11.7284
0.0397333	10.9688
0.0397333	8.32164
)

((xy/key/label "rake-4")
0.0452778	9.48284
0.0452778	11.8131
0.0452778	12.5127
0.0452778	12.9405
0.0452778	13.1774
0.0452778	13.255
0.0452778	13.1774
0.0452778	12.9405
0.0452778	12.5127
0.0452778	11.8131
0.0452778	9.48284
)

((xy/key/label "rake-5")
0.0508222	10.644
0.0508222	12.7195
0.0508222	13.368
0.0508222	13.7658
0.0508222	13.9864
0.0508222	14.0586
0.0508222	13.9864
0.0508222	13.7659
0.0508222	13.3681
0.0508222	12.7195
0.0508222	10.644
)

((xy/key/label "rake-6")
0.0563667	11.8052
0.0563667	13.6611
0.0563667	14.2625
0.0563667	14.6325
0.0563667	14.838
0.0563667	14.9052
0.0563667	14.838
0.0563667	14.6325
0.0563667	14.2625
0.0563667	13.6611
0.0563667	11.8052
)

((xy/key/label "rake-7")
0.0619111	12.9664
0.0619111	14.6142
0.0619111	15.1667
0.0619111	15.5079
0.0619111	15.6976
0.0619111	15.7597
0.0619111	15.6976
0.0619111	15.5079
0.0619111	15.1667
0.0619111	14.6142
0.0619111	12.9664
)

((xy/key/label "rake-8")
0.0674556	14.1276
0.0674556	15.5307
0.0674556	16.0173
0.0674556	16.319
0.0674556	16.4877
0.0674556	16.5432
0.0674556	16.4877
0.0674556	16.319
0.0674556	16.0173
0.0674556	15.5307
0.0674556	14.1276
)

((xy/key/label "rake-9")
0.0725	15.1299
0.0725	16.4602
0.0725	16.6406
0.0725	16.7519
0.0725	16.8139
0.0725	16.8344
0.0725	16.8139
0.0725	16.7519
0.0725	16.6406
0.0725	16.4602
0.0725	15.1299
)
