(title "X-Wall Shear Stress")
(labels "Position" "X-Wall Shear Stress")

((xy/key/label "average")
0.073	85.8205375
0.0719817	85.169425
0.0709634	88.3871625
0.069945	96.28225
0.0689267	103.314125
0.0679084	108.7345
0.0668901	113.27825
0.0658717	117.377625
0.0648534	121.21725
0.0638351	124.85075
0.0628168	128.323625
0.0617985	131.689
0.0607801	135.00275
0.0597618	138.293375
0.0587435	141.5775
0.0577252	144.876125
0.0567068	148.2045
0.0556885	151.580375
0.0546702	155.0005
0.0536519	158.460875
0.0526336	162.012125
0.0516152	165.654
0.0505969	169.403625
0.0495786	173.232625
0.0485603	177.17
0.0475419	181.289875
0.0465236	185.545375
0.0455053	189.952
0.044487	194.549125
0.0434686	199.353875
0.0424503	204.380125
0.041432	209.643875
0.0404137	215.177375
0.0393954	220.98325
0.038377	227.08025
0.0373587	233.532
0.0363404	240.3555
0.0353221	247.582
0.0343037	255.240375
0.0332854	263.3895
0.0322671	272.085
0.0312488	281.3815
0.0302305	291.312
0.0292121	302.01925
0.0281938	313.468875
0.0271755	325.879625
0.0261572	339.143875
0.0251388	353.73825
0.0241205	369.08125
0.0231022	386.713375
0.0231	386.73525
)
