(title "Circumferential Averages")
(labels "Radius" "Tangential Velocity")

((xy/key/label "rake-9")
0.022593	11.6046
0.022593	11.6046
0.0236114	11.5165
0.0236114	11.5165
0.0246297	11.5109
0.0246297	11.5109
0.025648	11.4928
0.025648	11.4928
0.0266663	11.5087
0.0266663	11.5087
0.0276846	11.5293
0.0276846	11.5293
0.028703	11.5693
0.028703	11.5693
0.0297213	11.617
0.0297213	11.617
0.0307396	11.678
0.0307396	11.678
0.0317579	11.7466
0.0317579	11.7466
0.0327763	11.8251
0.0327763	11.8251
0.0337946	11.9104
0.0337946	11.9104
0.0348129	12.0034
0.0348129	12.0034
0.0358312	12.1026
0.0358312	12.1026
0.0368496	12.2078
0.0368496	12.2078
0.0378679	12.3183
0.0378679	12.3183
0.0388862	12.4337
0.0388862	12.4337
0.0399045	12.5536
0.0399045	12.5536
0.0409228	12.6776
0.0409228	12.6776
0.0419412	12.8054
0.0419412	12.8054
0.0429595	12.9367
0.0429595	12.9367
0.0439778	13.0712
0.0439778	13.0712
0.0449961	13.2087
0.0449961	13.2087
0.0460145	13.3489
0.0460145	13.3489
0.0470328	13.4916
0.0470328	13.4916
0.0480511	13.6366
0.0480511	13.6366
0.0490694	13.7838
0.0490694	13.7838
0.0500877	13.9328
0.0500877	13.9328
0.0511061	14.0837
0.0511061	14.0837
0.0521244	14.2361
0.0521244	14.2361
0.0531427	14.3901
0.0531427	14.3901
0.054161	14.5454
0.054161	14.5454
0.0551794	14.7018
0.0551794	14.7018
0.0561977	14.8592
0.0561977	14.8592
0.057216	15.0173
0.057216	15.0173
0.0582343	15.176
0.0582343	15.176
0.0592526	15.3349
0.0592526	15.3349
0.060271	15.4937
0.060271	15.4937
0.0612893	15.6519
0.0612893	15.6519
0.0623076	15.8087
0.0623076	15.8087
0.0633259	15.9636
0.0633259	15.9636
0.0643443	16.1149
0.0643443	16.1149
0.0653626	16.262
0.0653626	16.262
0.0663809	16.402
0.0663809	16.402
0.0673992	16.5355
0.0673992	16.5355
0.0684175	16.6578
0.0684175	16.6578
0.0694359	16.7764
0.0694359	16.7764
0.0704542	16.8759
0.0704542	16.8759
0.0714725	16.9519
0.0714725	16.9519
0.0724908	16.8911
0.0724908	16.8911
)
