(title "Circumferential Averages")
(labels "Radius" "Radial Velocity")

((xy/key/label "")
0.0221588	-6.36433
0.0226713	-6.33859
0.023182	-6.21464
0.0236931	-6.09582
0.0242044	-5.97976
0.0247151	-5.86757
0.0252254	-5.76003
0.0257364	-5.65642
0.0262474	-5.55596
0.0267579	-5.45939
0.027269	-5.36636
0.0277796	-5.27628
0.0282899	-5.18969
0.0288015	-5.10571
0.029312	-5.02431
0.0298223	-4.94595
0.0303334	-4.87019
0.0308442	-4.7967
0.0313554	-4.72525
0.0318657	-4.6556
0.0323759	-4.58827
0.0328845	-4.52499
0.0333983	-4.46093
0.0339109	-4.39859
0.0344195	-4.33832
0.0349311	-4.28218
0.0354401	-4.22729
0.0359529	-4.17245
0.0364651	-4.11968
0.0369754	-4.06879
0.0374857	-4.01854
0.0379965	-3.96993
0.0385079	-3.92265
0.0390181	-3.87696
0.0395302	-3.83204
0.0400409	-3.78788
0.0405532	-3.74533
0.0410632	-3.70405
0.0415743	-3.66408
0.0420853	-3.62421
0.0425965	-3.58573
0.0431077	-3.54798
0.0436182	-3.51168
0.0441297	-3.47555
0.04464	-3.44056
0.0451519	-3.40639
0.0456624	-3.37231
0.0461728	-3.34003
0.0466848	-3.30789
0.0471956	-3.27676
0.0477059	-3.24576
0.0482167	-3.21647
0.0487297	-3.18659
0.0492387	-3.15807
0.0497509	-3.13
0.0502611	-3.10161
0.0507709	-3.07476
0.0512837	-3.04837
0.0517958	-3.02193
0.0522986	-2.99637
0.0528191	-2.97124
0.0533384	-2.9466
0.0538363	-2.92292
0.0543333	-2.89941
0.0548671	-2.87452
0.0553839	-2.85072
0.0558835	-2.82805
0.0563841	-2.80554
0.0568853	-2.78331
0.0574286	-2.7593
0.0579394	-2.73696
0.0584429	-2.71502
0.058947	-2.69312
0.0594514	-2.67122
0.059957	-2.64924
0.0604656	-2.62713
0.0610072	-2.60322
0.0615159	-2.58063
0.0620231	-2.55793
0.0625313	-2.53487
0.0630397	-2.51147
0.0635489	-2.48766
0.0640582	-2.4634
0.0645682	-2.43853
0.0650789	-2.41318
0.06559	-2.38717
0.0661009	-2.36044
0.0666111	-2.33314
0.0671219	-2.30503
0.0676327	-2.27621
0.0681433	-2.24674
0.0686538	-2.21674
0.0691647	-2.18609
0.0696752	-2.15487
0.0701859	-2.1229
0.0706968	-2.08929
0.0712074	-2.05083
0.0717182	-2.00503
0.0722289	-1.96672
0.0727407	-1.89865
)
