(title "Radial Velocity")
(labels "Position" "Radial Velocity")

((xy/key/label "rake-0")
0.0231	9.39648e-10
0.0231	-7.2604
0.0231	-8.65955
0.0231	-9.41392
0.0231	-9.79882
0.0231	-9.92081
0.0231	-9.79887
0.0231	-9.41401
0.0231	-8.65964
0.0231	-7.26049
0.0231	9.39648e-10
)

((xy/key/label "rake-1")
0.0286444	-1.11749e-10
0.0286444	-5.74865
0.0286444	-6.96119
0.0286444	-7.62333
0.0286444	-7.96369
0.0286444	-8.07157
0.0286444	-7.96373
0.0286444	-7.6234
0.0286444	-6.96128
0.0286444	-5.74874
0.0286444	-1.11749e-10
)

((xy/key/label "rake-2")
0.0341889	1.86264e-09
0.0341889	-4.74781
0.0341889	-5.82605
0.0341889	-6.41998
0.0341889	-6.7276
0.0341889	-6.82534
0.0341889	-6.72764
0.0341889	-6.42005
0.0341889	-5.82614
0.0341889	-4.7479
0.0341889	1.86264e-09
)

((xy/key/label "rake-3")
0.0397333	-9.32759e-10
0.0397333	-4.03775
0.0397333	-5.01029
0.0397333	-5.54929
0.0397333	-5.82978
0.0397333	-5.91903
0.0397333	-5.8298
0.0397333	-5.54933
0.0397333	-5.01036
0.0397333	-4.03783
0.0397333	-9.32759e-10
)

((xy/key/label "rake-4")
0.0452778	-2.28234e-09
0.0452778	-3.50654
0.0452778	-4.3937
0.0452778	-4.88787
0.0452778	-5.14571
0.0452778	-5.22769
0.0452778	-5.14572
0.0452778	-4.8879
0.0452778	-4.39376
0.0452778	-3.5066
0.0452778	-2.28234e-09
)

((xy/key/label "rake-5")
0.0508222	-3.72411e-09
0.0508222	-3.09509
0.0508222	-3.91198
0.0508222	-4.36891
0.0508222	-4.60792
0.0508222	-4.68398
0.0508222	-4.60792
0.0508222	-4.36893
0.0508222	-3.91201
0.0508222	-3.09515
0.0508222	-3.72411e-09
)

((xy/key/label "rake-6")
0.0563667	-1.86446e-09
0.0563667	-2.76657
0.0563667	-3.52532
0.0563667	-3.95155
0.0563667	-4.17508
0.0563667	-4.24629
0.0563667	-4.17508
0.0563667	-3.95156
0.0563667	-3.52534
0.0563667	-2.7666
0.0563667	-1.86446e-09
)

((xy/key/label "rake-7")
0.0619111	1.24849e-09
0.0619111	-2.49611
0.0619111	-3.20681
0.0619111	-3.60829
0.0619111	-3.81962
0.0619111	-3.88704
0.0619111	-3.81962
0.0619111	-3.60829
0.0619111	-3.20682
0.0619111	-2.49612
0.0619111	1.24849e-09
)

((xy/key/label "rake-8")
0.0674556	4.75919e-09
0.0674556	-2.26256
0.0674556	-2.93683
0.0674556	-3.32235
0.0674556	-3.52766
0.0674556	-3.59364
0.0674556	-3.52766
0.0674556	-3.32235
0.0674556	-2.93684
0.0674556	-2.26257
0.0674556	4.75919e-09
)

((xy/key/label "rake-9")
0.0725	3.78784e-09
0.0725	-2.38251
0.0725	-2.65786
0.0725	-2.80533
0.0725	-2.87987
0.0725	-2.90304
0.0725	-2.87987
0.0725	-2.80533
0.0725	-2.65786
0.0725	-2.38252
0.0725	3.78784e-09
)
