(title "Circumferential Averages")
(labels "Radius" "Radial Velocity")

((xy/key/label "")
0.0221589	-6.24492
0.0226714	-6.21939
0.023182	-6.10289
0.023693	-5.98671
0.024204	-5.87306
0.024715	-5.76326
0.0252256	-5.65778
0.0257369	-5.55594
0.0262476	-5.45754
0.0267576	-5.36287
0.0272686	-5.27168
0.0277794	-5.18346
0.0282898	-5.09826
0.0288016	-5.01595
0.0293123	-4.93615
0.0298229	-4.85911
0.0303333	-4.78476
0.0308442	-4.71268
0.0313553	-4.64256
0.0318655	-4.57423
0.0323758	-4.50823
0.032885	-4.44613
0.0333989	-4.38256
0.0339098	-4.32201
0.0344204	-4.26276
0.0349308	-4.20794
0.0354414	-4.15323
0.0359527	-4.09986
0.0364632	-4.04828
0.0369766	-3.99857
0.0374856	-3.94941
0.0379968	-3.90169
0.0385083	-3.85501
0.0390189	-3.81033
0.03953	-3.7666
0.0400416	-3.72321
0.0405518	-3.68178
0.0410635	-3.64114
0.0415752	-3.60162
0.0420852	-3.56269
0.0425956	-3.52551
0.0431075	-3.48844
0.0436182	-3.45267
0.0441294	-3.41751
0.0446397	-3.38301
0.0451511	-3.34958
0.0456622	-3.31652
0.0461723	-3.28461
0.0466841	-3.25315
0.0471961	-3.22217
0.0477069	-3.19225
0.0482185	-3.16258
0.0487291	-3.13383
0.0492396	-3.10593
0.0497507	-3.07803
0.0502604	-3.05089
0.0507718	-3.0245
0.0512853	-2.99818
0.0517944	-2.97256
0.052298	-2.94725
0.0528191	-2.92292
0.0533385	-2.89878
0.053836	-2.87541
0.0543333	-2.85235
0.0548665	-2.82805
0.0553842	-2.80473
0.0558839	-2.78254
0.0563839	-2.76055
0.0568853	-2.73869
0.0574286	-2.71519
0.0579398	-2.69333
0.0584426	-2.67187
0.0589468	-2.65044
0.0594515	-2.62906
0.0599569	-2.6076
0.0604655	-2.58584
0.0610073	-2.56264
0.0615159	-2.54062
0.0620236	-2.51834
0.0625313	-2.49591
0.0630396	-2.47312
0.0635489	-2.44991
0.0640581	-2.42619
0.0645682	-2.40209
0.065079	-2.37728
0.0655897	-2.35188
0.0661008	-2.32579
0.066611	-2.299
0.0671219	-2.27138
0.0676326	-2.24293
0.0681432	-2.21364
0.0686539	-2.18344
0.0691646	-2.15216
0.0696752	-2.1196
0.0701859	-2.08528
0.0706967	-2.04801
0.0712074	-2.00433
0.0717182	-1.95421
0.0722289	-1.9273
0.0727407	-1.88413
)
