(title "Radial Velocity")
(labels "Position" "Radial Velocity")

((xy/key/label "rake-0")
-0.0016	0
-0.00159607	-3.13937
-0.00159215	-4.66827
-0.00158796	-5.74319
-0.00158322	-6.59859
-0.0015778	-7.32991
-0.00157153	-7.98286
-0.00156432	-8.57247
-0.0015561	-9.10512
-0.00154664	-9.58224
-0.00153602	-9.98701
-0.00152405	-10.3018
-0.00151031	-10.4987
-0.00149462	-10.53
-0.0014783	-10.3526
-0.00146429	-10.0044
-0.00145235	-9.54306
-0.00144191	-8.99184
-0.00143284	-8.36074
-0.0014251	-7.65156
-0.00141844	-6.84311
-0.00141284	-5.90335
-0.00140805	-4.7301
-0.00140391	-3.13497
-0.0014	0
)

((xy/key/label "rake-1")
-0.0016	-1.35262e-11
-0.00159607	-2.39435
-0.00159215	-3.63282
-0.00158796	-4.5274
-0.00158322	-5.25305
-0.0015778	-5.87525
-0.00157153	-6.434
-0.00156432	-6.9395
-0.0015561	-7.3965
-0.00154664	-7.8095
-0.00153602	-8.16107
-0.00152405	-8.43721
-0.00151031	-8.61307
-0.00149462	-8.64137
-0.0014783	-8.47715
-0.00146429	-8.16866
-0.00145235	-7.76909
-0.00144191	-7.29363
-0.00143284	-6.75089
-0.0014251	-6.14454
-0.00141844	-5.45269
-0.00141284	-4.65567
-0.00140805	-3.67074
-0.00140391	-2.37806
-0.0014	-1.35262e-11
)

((xy/key/label "rake-2")
-0.0016	-2.22374e-10
-0.00159607	-1.89072
-0.00159215	-2.92608
-0.00158796	-3.69122
-0.00158322	-4.31922
-0.0015778	-4.8603
-0.00157153	-5.34729
-0.00156432	-5.78836
-0.0015561	-6.18727
-0.00154664	-6.54761
-0.00153602	-6.85407
-0.00152405	-7.09446
-0.00151031	-7.24748
-0.00149462	-7.27206
-0.0014783	-7.12923
-0.00146429	-6.86079
-0.00145235	-6.51245
-0.00144191	-6.09743
-0.00143284	-5.62369
-0.0014251	-5.09492
-0.00141844	-4.49279
-0.00141284	-3.80226
-0.00140805	-2.95897
-0.00140391	-1.87787
-0.0014	-2.22374e-10
)

((xy/key/label "rake-3")
-0.0016	3.09427e-09
-0.00159607	-1.55908
-0.00159215	-2.45073
-0.00158796	-3.12241
-0.00158322	-3.67926
-0.0015778	-4.16097
-0.00157153	-4.59519
-0.00156432	-4.98864
-0.0015561	-5.34444
-0.00154664	-5.66568
-0.00153602	-5.93861
-0.00152405	-6.15239
-0.00151031	-6.28833
-0.00149462	-6.31037
-0.0014783	-6.18375
-0.00146429	-5.945
-0.00145235	-5.63461
-0.00144191	-5.26452
-0.00143284	-4.84193
-0.0014251	-4.37033
-0.00141844	-3.83395
-0.00141284	-3.22106
-0.00140805	-2.48008
-0.00140391	-1.54863
-0.0014	3.09427e-09
)

((xy/key/label "rake-4")
-0.0016	-1.35076e-09
-0.00159607	-1.31522
-0.00159215	-2.09547
-0.00158796	-2.69335
-0.00158322	-3.19369
-0.0015778	-3.62823
-0.00157153	-4.02054
-0.00156432	-4.37616
-0.0015561	-4.69771
-0.00154664	-4.98791
-0.00153602	-5.2343
-0.00152405	-5.42714
-0.00151031	-5.54977
-0.00149462	-5.56969
-0.0014783	-5.45553
-0.00146429	-5.24014
-0.00145235	-4.95991
-0.00144191	-4.62553
-0.00143284	-4.24359
-0.0014251	-3.81741
-0.00141844	-3.33325
-0.00141284	-2.78203
-0.00140805	-2.12186
-0.00140391	-1.30647
-0.0014	-1.35076e-09
)

((xy/key/label "rake-5")
-0.0016	-3.74655e-09
-0.00159607	-1.12731
-0.00159215	-1.81771
-0.00158796	-2.35501
-0.00158322	-2.80872
-0.0015778	-3.20438
-0.00157153	-3.56223
-0.00156432	-3.88681
-0.0015561	-4.18033
-0.00154664	-4.4452
-0.00153602	-4.67005
-0.00152405	-4.84604
-0.00151031	-4.958
-0.00149462	-4.9762
-0.0014783	-4.87194
-0.00146429	-4.67535
-0.00145235	-4.4196
-0.00144191	-4.1144
-0.00143284	-3.76578
-0.0014251	-3.3769
-0.00141844	-2.93575
-0.00141284	-2.43539
-0.00140805	-1.84159
-0.00140391	-1.11986
-0.0014	-3.74655e-09
)

((xy/key/label "rake-6")
-0.0016	-1.23923e-09
-0.00159607	-0.988416
-0.00159215	-1.60963
-0.00158796	-2.09948
-0.00158322	-2.51637
-0.0015778	-2.88122
-0.00157153	-3.21161
-0.00156432	-3.51133
-0.0015561	-3.78222
-0.00154664	-4.02649
-0.00153602	-4.23367
-0.00152405	-4.39575
-0.00151031	-4.49884
-0.00149462	-4.51556
-0.0014783	-4.41951
-0.00146429	-4.23845
-0.00145235	-4.00277
-0.00144191	-3.72128
-0.00143284	-3.39947
-0.0014251	-3.0404
-0.00141844	-2.63341
-0.00141284	-2.17327
-0.00140805	-1.63149
-0.00140391	-0.981896
-0.0014	-1.23923e-09
)

((xy/key/label "rake-7")
-0.0016	-1.1897e-09
-0.00159607	-0.874271
-0.00159215	-1.43661
-0.00158796	-1.88548
-0.00158322	-2.27047
-0.0015778	-2.60868
-0.00157153	-2.91546
-0.00156432	-3.19388
-0.0015561	-3.44545
-0.00154664	-3.67217
-0.00153602	-3.86433
-0.00152405	-4.01457
-0.00151031	-4.1101
-0.00149462	-4.12556
-0.0014783	-4.0365
-0.00146429	-3.86863
-0.00145235	-3.65002
-0.00144191	-3.38873
-0.00143284	-3.08985
-0.0014251	-2.75637
-0.00141844	-2.37884
-0.00141284	-1.95353
-0.00140805	-1.4567
-0.00140391	-0.868496
-0.0014	-1.1897e-09
)

((xy/key/label "rake-8")
-0.0016	9.62993e-11
-0.00159607	-0.769928
-0.00159215	-1.27702
-0.00158796	-1.68722
-0.00158322	-2.04236
-0.0015778	-2.35616
-0.00157153	-2.6419
-0.00156432	-2.90204
-0.0015561	-3.13786
-0.00154664	-3.35122
-0.00153602	-3.53301
-0.00152405	-3.67605
-0.00151031	-3.76757
-0.00149462	-3.7823
-0.0014783	-3.69668
-0.00146429	-3.53664
-0.00145235	-3.32986
-0.00144191	-3.08416
-0.00143284	-2.80434
-0.0014251	-2.49327
-0.00141844	-2.14254
-0.00141284	-1.74971
-0.00140805	-1.2953
-0.00140391	-0.764754
-0.0014	9.62993e-11
)

((xy/key/label "rake-9")
-0.0016	3.2637e-09
-0.00159607	-2.23122
-0.00159215	-2.34462
-0.00158796	-2.43735
-0.00158322	-2.5183
-0.0015778	-2.58998
-0.00157153	-2.65504
-0.00156432	-2.71383
-0.0015561	-2.7666
-0.00154664	-2.8139
-0.00153602	-2.854
-0.00152405	-2.88565
-0.00151031	-2.90606
-0.00149462	-2.90932
-0.0014783	-2.89013
-0.00146429	-2.85465
-0.00145235	-2.80898
-0.00144191	-2.75439
-0.00143284	-2.69155
-0.0014251	-2.62102
-0.00141844	-2.54103
-0.00141284	-2.45147
-0.00140805	-2.34869
-0.00140391	-2.23002
-0.0014	3.2637e-09
)
