(title "Circumferential Averages")
(labels "Radius" "Tangential Velocity")

((xy/key/label "")
0.0221588	0.0238258
0.0226713	0.0283108
0.023182	0.0290945
0.0236931	0.0299593
0.0242044	0.0306404
0.0247151	0.0311698
0.0252254	0.0320891
0.0257364	0.0330652
0.0262474	0.0339378
0.0267579	0.0346983
0.027269	0.0356449
0.0277796	0.0366922
0.0282899	0.0376747
0.0288015	0.0387118
0.029312	0.0397534
0.0298223	0.0410358
0.0303334	0.0424402
0.0308442	0.0439133
0.0313554	0.045355
0.0318657	0.0467955
0.0323759	0.0482967
0.0328845	0.0500363
0.0333983	0.051456
0.0339109	0.0541737
0.0344195	0.0563795
0.0349311	0.0583557
0.0354401	0.0604086
0.0359529	0.062526
0.0364651	0.0650149
0.0369754	0.0679666
0.0374857	0.0706665
0.0379965	0.0734093
0.0385079	0.0765386
0.0390181	0.0799359
0.0395302	0.0832173
0.0400409	0.0869259
0.0405532	0.0907033
0.0410632	0.0948368
0.0415743	0.0991595
0.0420853	0.103624
0.0425965	0.10844
0.0431077	0.113607
0.0436182	0.118932
0.0441297	0.12482
0.04464	0.130799
0.0451519	0.137301
0.0456624	0.144069
0.0461728	0.15116
0.0466848	0.158824
0.0471956	0.166792
0.0477059	0.175231
0.0482167	0.184461
0.0487297	0.194205
0.0492387	0.204485
0.0497509	0.215537
0.0502611	0.22725
0.0507709	0.239568
0.0512837	0.252954
0.0517958	0.26735
0.0522986	0.282017
0.0528191	0.29832
0.0533384	0.315836
0.0538363	0.333702
0.0543333	0.352567
0.0548671	0.374278
0.0553839	0.396774
0.0558835	0.419912
0.0563841	0.44474
0.0568853	0.471333
0.0574286	0.502174
0.0579394	0.533247
0.0584429	0.566039
0.058947	0.601132
0.0594514	0.638642
0.059957	0.678984
0.0604656	0.72252
0.0610072	0.772382
0.0615159	0.822879
0.0620231	0.877061
0.0625313	0.935463
0.0630397	0.998402
0.0635489	1.06637
0.0640582	1.13982
0.0645682	1.21937
0.0650789	1.30568
0.06559	1.39936
0.0661009	1.50115
0.0666111	1.61219
0.0671219	1.73359
0.0676327	1.86649
0.0681433	2.01223
0.0686538	2.17252
0.0691647	2.3494
0.0696752	2.54468
0.0701859	2.7612
0.0706968	3.00158
0.0712074	3.26849
0.0717182	3.56307
0.0722289	3.87832
0.0727407	4.18665
)
