(title "Circumferential Averages")
(labels "Radius" "Tangential Velocity")

((xy/key/label "")
0.0221589	0.0195551
0.0226714	0.0252928
0.023182	0.0260759
0.023693	0.0269583
0.024204	0.0276848
0.024715	0.0281787
0.0252256	0.0287565
0.0257369	0.0299148
0.0262476	0.03047
0.0267576	0.0309748
0.0272686	0.0318865
0.0277794	0.0328267
0.0282898	0.0339763
0.0288016	0.0350803
0.0293123	0.0362356
0.0298229	0.0373181
0.0303333	0.0384455
0.0308442	0.039792
0.0313553	0.0410667
0.0318655	0.0424793
0.0323758	0.0439541
0.032885	0.0455795
0.0333989	0.0468104
0.0339098	0.0496142
0.0344204	0.0514562
0.0349308	0.0530868
0.0354414	0.0555668
0.0359527	0.0575379
0.0364632	0.0594194
0.0369766	0.0620911
0.0374856	0.0647991
0.0379968	0.0673708
0.0385083	0.0701672
0.0390189	0.0732323
0.03953	0.0766077
0.0400416	0.0798542
0.0405518	0.0834086
0.0410635	0.0872265
0.0415752	0.0909398
0.0420852	0.0950416
0.0425956	0.0995613
0.0431075	0.104377
0.0436182	0.109493
0.0441294	0.114886
0.0446397	0.120537
0.0451511	0.126593
0.0456622	0.132842
0.0461723	0.139538
0.0466841	0.146598
0.0471961	0.153983
0.0477069	0.162312
0.0482185	0.170944
0.0487291	0.180014
0.0492396	0.189781
0.0497507	0.200308
0.0502604	0.21129
0.0507718	0.223028
0.0512853	0.235605
0.0517944	0.248878
0.052298	0.263107
0.0528191	0.278637
0.0533385	0.295223
0.053836	0.312144
0.0543333	0.330047
0.0548665	0.350667
0.0553842	0.372087
0.0558839	0.394235
0.0563839	0.417838
0.0568853	0.443118
0.0574286	0.472617
0.0579398	0.502318
0.0584426	0.533652
0.0589468	0.567212
0.0594515	0.603211
0.0599569	0.641843
0.0604655	0.683476
0.0610073	0.731341
0.0615159	0.779802
0.0620236	0.831836
0.0625313	0.887892
0.0630396	0.948428
0.0635489	1.01388
0.0640581	1.08456
0.0645682	1.16125
0.065079	1.24441
0.0655897	1.33469
0.0661008	1.43302
0.066611	1.54028
0.0671219	1.65765
0.0676326	1.78617
0.0681432	1.92717
0.0686539	2.08225
0.0691646	2.25304
0.0696752	2.44138
0.0701859	2.64967
0.0706967	2.88038
0.0712074	3.13662
0.0717182	3.42065
0.0722289	3.72506
0.0727407	4.02386
)
