(title "Circumferential Averages")
(labels "Radius" "Tangential Velocity")

((xy/key/label "")
0.0221591	0.0209556
0.0226713	0.024863
0.0231821	0.0255163
0.023693	0.0263634
0.0242044	0.0269557
0.0247151	0.0275651
0.0252253	0.0284363
0.0257363	0.029177
0.0262474	0.0300615
0.0267578	0.0309796
0.0272688	0.0318313
0.0277798	0.0324932
0.0282901	0.0334995
0.0288016	0.0345174
0.0293119	0.0355019
0.0298224	0.0365343
0.0303334	0.037678
0.0308442	0.0390675
0.0313553	0.0405469
0.0318654	0.0419292
0.032376	0.0434467
0.032884	0.0450796
0.0333983	0.0466037
0.0339107	0.0489256
0.0344195	0.0505385
0.0349315	0.0523385
0.0354397	0.054928
0.0359534	0.0572796
0.0364644	0.0592079
0.036976	0.0615153
0.037486	0.0639003
0.0379958	0.0665887
0.0385077	0.0695548
0.0390179	0.0728306
0.0395302	0.076048
0.0400412	0.0793784
0.0405528	0.0826543
0.0410637	0.0864192
0.041575	0.0904779
0.0420853	0.0946433
0.0425959	0.0990415
0.0431074	0.103807
0.0436182	0.108855
0.0441297	0.114151
0.0446396	0.119619
0.0451511	0.125789
0.0456621	0.13205
0.0461741	0.138783
0.0466833	0.146034
0.0471951	0.153658
0.0477064	0.161526
0.0482176	0.170044
0.0487282	0.179278
0.0492399	0.188988
0.0497502	0.199337
0.0502609	0.210383
0.050772	0.221821
0.0512846	0.234599
0.0517952	0.24817
0.0523006	0.262259
0.0528186	0.27781
0.0533374	0.294367
0.0538357	0.311401
0.0543334	0.329465
0.0548672	0.350185
0.0553836	0.371678
0.0558839	0.393871
0.0563843	0.417532
0.0568853	0.442985
0.0574285	0.472663
0.0579395	0.502506
0.0584428	0.534012
0.0589469	0.567787
0.0594513	0.603932
0.0599571	0.642815
0.0604657	0.684837
0.0610071	0.733049
0.0615158	0.781819
0.0620232	0.834281
0.0625312	0.890868
0.0630396	0.951938
0.0635488	1.01792
0.0640582	1.08935
0.0645683	1.16684
0.0650789	1.25094
0.06559	1.34238
0.066101	1.44182
0.0666112	1.55043
0.0671219	1.66933
0.0676327	1.79964
0.0681433	1.9427
0.0686538	2.10016
0.0691647	2.2739
0.0696752	2.46586
0.0701859	2.67852
0.0706968	2.91464
0.0712074	3.17778
0.0717182	3.47078
0.0722289	3.78741
0.0727407	4.10016
)
