(title "X-Wall Shear Stress")
(labels "Position" "X-Wall Shear Stress")

((xy/key/label "average")
0.073	92.5026625
0.0709634	100.321375
0.0689267	112.02925
0.0668901	121.69175
0.0648534	129.00275
0.0628168	134.653375
0.0607801	140.71575
0.0587435	146.585
0.0567068	153.0485
0.0546702	159.568625
0.0526336	166.733375
0.0505969	174.166125
0.0485603	182.333
0.0465236	191.024125
0.044487	200.602625
0.0424503	210.966
0.0404137	222.516875
0.038377	235.219875
0.0363404	249.57275
0.0343037	265.62225
0.0322671	284.03025
0.0302305	304.8245
0.0281938	329.4795
0.0261572	358.439625
0.0241205	388.497
0.0231	395.928875
)
