(title "Circumferential Averages")
(labels "Radius" "Wall Shear Stress")

((xy/key/label "")
0.022593	772.415
0.0236114	717.353
0.0246297	698.628
0.025648	658.430
0.0266663	636.460
0.0276847	606.352
0.028703	584.985
0.0297213	560.897
0.0307396	541.335
0.0317579	521.222
0.0327763	503.691
0.0337946	486.440
0.0348129	470.823
0.0358312	455.755
0.0368496	441.824
0.0378679	428.513
0.0388862	416.049
0.0399045	404.188
0.0409228	392.990
0.0419412	382.330
0.0429595	372.215
0.0439778	362.572
0.0449961	353.388
0.0460145	344.615
0.0470328	336.228
0.0480511	328.196
0.0490694	320.498
0.0500877	313.105
0.0511061	305.998
0.0521244	299.153
0.0531427	292.551
0.054161	286.172
0.0551794	280.006
0.0561977	274.025
0.057216	268.230
0.0582343	262.569
0.0592526	257.105
0.060271	251.671
0.0612893	246.521
0.0623076	241.144
0.0633259	236.374
0.0643443	230.658
0.0653626	226.628
0.0663809	219.532
0.0673992	217.506
0.0684175	205.858
0.0694359	209.167
0.0704542	183.047
0.0714725	209.823
0.0724908	164.767
)
